\begin{tabular}{lrrrrrrrrrrrrrrrrrrrrrrrr}
\toprule
 & mature & single_player & multiplayer & hasLootBoxes & medianScore & percentRecommended & numReviews & numTopCriticReviews & topCriticScore & percentile & developer & publisher & eu & jp & us & mkt-rf & smb & hml & rmw & cma & rf & mkt_cap_usd & volume_to_shares_outstanding & excess_return \\
\midrule
mature & 1.000000 & 0.050576 & -0.095787 & -0.041833 & -0.047665 & -0.042567 & 0.272691 & 0.262192 & -0.052964 & -0.034038 & -0.045274 & 0.045274 & 0.156480 & -0.174340 & 0.047693 & -0.100150 & 0.000405 & -0.041480 & 0.016612 & -0.019132 & 0.009165 & 0.028006 & 0.065260 & -0.003379 \\
single_player & 0.050576 & 1.000000 & -0.204571 & -0.080713 & 0.119142 & 0.145792 & 0.063506 & 0.048953 & 0.109418 & 0.117541 & 0.039579 & -0.039579 & 0.115272 & -0.042017 & -0.129014 & -0.004893 & -0.076142 & 0.003525 & -0.109534 & -0.019210 & 0.022888 & -0.021314 & -0.046197 & -0.140320 \\
multiplayer & -0.095787 & -0.204571 & 1.000000 & 0.126249 & -0.070807 & -0.058850 & 0.014446 & 0.060029 & -0.051134 & -0.057743 & -0.091167 & 0.091167 & -0.068611 & -0.029021 & 0.179425 & 0.000308 & 0.013727 & -0.029747 & -0.003965 & -0.013531 & 0.017562 & 0.103167 & 0.068115 & 0.021813 \\
hasLootBoxes & -0.041833 & -0.080713 & 0.126249 & 1.000000 & 0.068096 & 0.089934 & 0.048140 & 0.070028 & 0.081912 & 0.095728 & 0.037907 & -0.037907 & -0.077897 & 0.026293 & 0.091175 & -0.024244 & 0.015235 & -0.027512 & 0.014424 & 0.015715 & -0.044781 & -0.001069 & 0.003983 & 0.275143 \\
medianScore & -0.047665 & 0.119142 & -0.070807 & 0.068096 & 1.000000 & 0.890848 & 0.494678 & 0.477214 & 0.973457 & 0.913046 & 0.008428 & -0.008428 & -0.135554 & 0.089509 & 0.075541 & -0.007686 & -0.037809 & 0.002596 & 0.090159 & -0.016026 & -0.014082 & 0.076059 & -0.063804 & 0.041717 \\
percentRecommended & -0.042567 & 0.145792 & -0.058850 & 0.089934 & 0.890848 & 1.000000 & 0.476909 & 0.450831 & 0.911444 & 0.960089 & -0.002836 & 0.002836 & -0.095227 & 0.064294 & 0.050383 & -0.020955 & -0.019031 & -0.014505 & 0.079105 & -0.010078 & 0.036549 & 0.074879 & -0.070966 & 0.040002 \\
numReviews & 0.272691 & 0.063506 & 0.014446 & 0.048140 & 0.494678 & 0.476909 & 1.000000 & 0.987966 & 0.508199 & 0.513412 & -0.062857 & 0.062857 & -0.177514 & 0.068066 & 0.192292 & 0.028060 & 0.003815 & -0.019135 & 0.096330 & 0.005258 & -0.001221 & 0.139752 & 0.035007 & 0.040537 \\
numTopCriticReviews & 0.262192 & 0.048953 & 0.060029 & 0.070028 & 0.477214 & 0.450831 & 0.987966 & 1.000000 & 0.494234 & 0.498456 & -0.065865 & 0.065865 & -0.197006 & 0.071519 & 0.221044 & 0.035287 & 0.000651 & -0.031596 & 0.095353 & 0.001743 & 0.003619 & 0.150946 & 0.047544 & 0.054656 \\
topCriticScore & -0.052964 & 0.109418 & -0.051134 & 0.081912 & 0.973457 & 0.911444 & 0.508199 & 0.494234 & 1.000000 & 0.949936 & -0.008242 & 0.008242 & -0.131483 & 0.083078 & 0.080383 & -0.000072 & -0.028718 & -0.007406 & 0.086592 & -0.012386 & -0.007156 & 0.079510 & -0.070021 & 0.047456 \\
percentile & -0.034038 & 0.117541 & -0.057743 & 0.095728 & 0.913046 & 0.960089 & 0.513412 & 0.498456 & 0.949936 & 1.000000 & -0.007277 & 0.007277 & -0.135093 & 0.090365 & 0.073081 & -0.009281 & -0.025897 & -0.021753 & 0.084733 & -0.012533 & 0.001296 & 0.086953 & -0.075282 & 0.039287 \\
developer & -0.045274 & 0.039579 & -0.091167 & 0.037907 & 0.008428 & -0.002836 & -0.062857 & -0.065865 & -0.008242 & -0.007277 & 1.000000 & -1.000000 & -0.145423 & 0.200568 & -0.117548 & 0.041604 & 0.021014 & 0.017632 & -0.030396 & 0.026822 & -0.030908 & -0.077431 & 0.106291 & -0.016216 \\
publisher & 0.045274 & -0.039579 & 0.091167 & -0.037907 & -0.008428 & 0.002836 & 0.062857 & 0.065865 & 0.008242 & 0.007277 & -1.000000 & 1.000000 & 0.145423 & -0.200568 & 0.117548 & -0.041604 & -0.021014 & -0.017632 & 0.030396 & -0.026822 & 0.030908 & 0.077431 & -0.106291 & 0.016216 \\
eu & 0.156480 & 0.115272 & -0.068611 & -0.077897 & -0.135554 & -0.095227 & -0.177514 & -0.197006 & -0.131483 & -0.135093 & -0.145423 & 0.145423 & 1.000000 & -0.855833 & -0.185889 & 0.017176 & -0.052370 & -0.009046 & 0.008558 & -0.015355 & 0.096113 & -0.136843 & -0.033883 & -0.016162 \\
jp & -0.174340 & -0.042017 & -0.029021 & 0.026293 & 0.089509 & 0.064294 & 0.068066 & 0.071519 & 0.083078 & 0.090365 & 0.200568 & -0.200568 & -0.855833 & 1.000000 & -0.349147 & -0.020298 & 0.032659 & -0.000596 & -0.038023 & 0.008298 & -0.083306 & -0.179290 & -0.011892 & 0.024012 \\
us & 0.047693 & -0.129014 & 0.179425 & 0.091175 & 0.075541 & 0.050383 & 0.192292 & 0.221044 & 0.080383 & 0.073081 & -0.117548 & 0.117548 & -0.185889 & -0.349147 & 1.000000 & 0.007442 & 0.032836 & 0.017518 & 0.056724 & 0.012054 & -0.015873 & 0.588487 & 0.083974 & -0.016334 \\
mkt-rf & -0.100150 & -0.004893 & 0.000308 & -0.024244 & -0.007686 & -0.020955 & 0.028060 & 0.035287 & -0.000072 & -0.009281 & 0.041604 & -0.041604 & 0.017176 & -0.020298 & 0.007442 & 1.000000 & -0.061654 & -0.075955 & 0.048566 & -0.204804 & -0.000096 & 0.072547 & 0.010004 & -0.054681 \\
smb & 0.000405 & -0.076142 & 0.013727 & 0.015235 & -0.037809 & -0.019031 & 0.003815 & 0.000651 & -0.028718 & -0.025897 & 0.021014 & -0.021014 & -0.052370 & 0.032659 & 0.032836 & -0.061654 & 1.000000 & -0.168990 & 0.111435 & -0.099830 & -0.025531 & 0.054557 & 0.043321 & 0.040181 \\
hml & -0.041480 & 0.003525 & -0.029747 & -0.027512 & 0.002596 & -0.014505 & -0.019135 & -0.031596 & -0.007406 & -0.021753 & 0.017632 & -0.017632 & -0.009046 & -0.000596 & 0.017518 & -0.075955 & -0.168990 & 1.000000 & -0.666837 & 0.774605 & -0.016247 & 0.034604 & -0.008040 & -0.002591 \\
rmw & 0.016612 & -0.109534 & -0.003965 & 0.014424 & 0.090159 & 0.079105 & 0.096330 & 0.095353 & 0.086592 & 0.084733 & -0.030396 & 0.030396 & 0.008558 & -0.038023 & 0.056724 & 0.048566 & 0.111435 & -0.666837 & 1.000000 & -0.498753 & -0.013851 & 0.040577 & -0.014992 & 0.010454 \\
cma & -0.019132 & -0.019210 & -0.013531 & 0.015715 & -0.016026 & -0.010078 & 0.005258 & 0.001743 & -0.012386 & -0.012533 & 0.026822 & -0.026822 & -0.015355 & 0.008298 & 0.012054 & -0.204804 & -0.099830 & 0.774605 & -0.498753 & 1.000000 & 0.013995 & -0.003117 & -0.005396 & 0.031065 \\
rf & 0.009165 & 0.022888 & 0.017562 & -0.044781 & -0.014082 & 0.036549 & -0.001221 & 0.003619 & -0.007156 & 0.001296 & -0.030908 & 0.030908 & 0.096113 & -0.083306 & -0.015873 & -0.000096 & -0.025531 & -0.016247 & -0.013851 & 0.013995 & 1.000000 & -0.022836 & -0.013247 & -0.006628 \\
mkt_cap_usd & 0.028006 & -0.021314 & 0.103167 & -0.001069 & 0.076059 & 0.074879 & 0.139752 & 0.150946 & 0.079510 & 0.086953 & -0.077431 & 0.077431 & -0.136843 & -0.179290 & 0.588487 & 0.072547 & 0.054557 & 0.034604 & 0.040577 & -0.003117 & -0.022836 & 1.000000 & -0.025378 & -0.017273 \\
volume_to_shares_outstanding & 0.065260 & -0.046197 & 0.068115 & 0.003983 & -0.063804 & -0.070966 & 0.035007 & 0.047544 & -0.070021 & -0.075282 & 0.106291 & -0.106291 & -0.033883 & -0.011892 & 0.083974 & 0.010004 & 0.043321 & -0.008040 & -0.014992 & -0.005396 & -0.013247 & -0.025378 & 1.000000 & -0.047967 \\
excess_return & -0.003379 & -0.140320 & 0.021813 & 0.275143 & 0.041717 & 0.040002 & 0.040537 & 0.054656 & 0.047456 & 0.039287 & -0.016216 & 0.016216 & -0.016162 & 0.024012 & -0.016334 & -0.054681 & 0.040181 & -0.002591 & 0.010454 & 0.031065 & -0.006628 & -0.017273 & -0.047967 & 1.000000 \\
\bottomrule
\end{tabular}
